my4colors <- c("#91D0BE", "#E95C59", "#57C3F3", "#E4C755")
